16
 0.38 0.8 0 0 0.028999999999999998 1 250 0 250
 0.44 0.8 0 0 0.028999999999999998 1 250 0 0
 0.5 0.8 0 0 0.028999999999999998 1 50 50 0
 0.56 0.8 0 0 0.028999999999999998 1 255 0 0
 0.62 0.8 0 0 0.028999999999999998 1 0 0 255
 0.41000000000000003 0.7480384757729337 0 0 0.028999999999999998 1 30 0 230
 0.47000000000000003 0.7480384757729337 0 0 0.028999999999999998 1 255 0 255
 0.53 0.7480384757729337 0 0 0.028999999999999998 1 0 0 255
 0.5900000000000001 0.7480384757729337 0 0 0.028999999999999998 1 50 50 50
 0.44 0.6960769515458675 0 0 0.028999999999999998 1 50 50 50
 0.5 0.6960769515458675 0 0 0.028999999999999998 1 250 250 0
 0.56 0.6960769515458675 0 0 0.028999999999999998 1 30 40 90
 0.47 0.6441154273188011 0 0 0.028999999999999998 1 90 40 30
 0.53 0.6441154273188011 0 0 0.028999999999999998 1 20 120 50
 0.5 0.5921539030917348 0 0 0.028999999999999998 1 55 255 30
 0.5 0.1 0 0.1 0.028999999999999998 1 50 50 50
